8.360071 36.022579
8.915627 46.319073
10.267974 56.540701
12.486631 66.458705
16.244207 75.692810
21.962567 83.765300
29.289364 89.964944
37.852644 94.158051
47.653001 94.989305
57.385027 93.886512
65.921569 89.527035
73.250743 83.173500
78.888295 74.976233
82.551990 65.581105
84.521687 55.468806
85.565062 45.122995
85.870469 34.691622
14.979798 28.286988
19.929887 24.264409
26.691028 23.314914
33.614379 24.409388
40.215686 27.074272
52.346405 26.705882
58.954248 23.907903
65.958408 22.525253
72.883541 23.375520
78.155674 27.224005
46.417112 34.038622
46.476530 40.613191
46.534165 47.159834
46.577540 53.822935
38.900178 58.415330
42.686275 59.805704
46.781937 60.870469
50.851456 59.680927
54.578728 58.275698
22.661319 35.219251
26.837195 32.795603
31.947118 32.785502
36.326203 35.839572
31.679144 36.856803
26.623292 36.919192
56.765894 35.499703
61.138443 32.269162
66.260250 32.186572
70.502674 34.495544
66.666072 36.313725
61.618538 36.457516
33.043375 72.997623
37.667855 69.338681
42.979798 67.706477
46.928699 68.672014
51.015449 67.566845
56.500891 69.168746
61.336304 72.629234
56.816399 77.839572
51.529412 80.204991
47.111111 80.669638
42.854427 80.310755
37.606061 78.093880
35.150327 72.998812
43.047534 70.915033
46.973856 71.218063
51.112894 70.849673
59.167558 72.642305
51.195484 75.196078
46.994058 75.794415
42.956031 75.300059
