6.319048 36.176190
6.580952 46.980952
8.023810 57.552381
10.128571 68.052381
13.585714 77.719048
19.314286 86.290476
26.914286 92.614286
36.261905 96.366667
47.109524 97.076190
58.038095 96.509524
68.033333 92.880952
76.485714 87.014286
82.780952 78.523810
86.523810 68.633333
88.509524 57.719048
89.609524 46.676190
89.885714 35.523810
12.271429 27.385714
17.647619 23.109524
25.061905 22.266667
32.485714 23.300000
39.566667 26.280952
52.880952 25.995238
60.247619 23.180952
68.042857 21.819048
75.700000 23.019048
81.457143 27.171429
46.223810 33.757143
46.123810 41.380952
46.014286 48.780952
45.990476 56.290476
37.561905 60.623810
41.785714 62.309524
46.238095 63.638095
50.890476 62.247619
55.242857 60.733333
20.319048 34.928571
24.971429 32.538095
30.409524 32.595238
35.319048 35.614286
30.223810 36.604762
24.714286 36.657143
57.928571 35.571429
62.976190 32.385714
68.538095 32.485714
73.223810 34.809524
68.804762 36.480952
63.376190 36.542857
31.552381 75.880952
36.352381 72.266667
42.085714 70.485714
46.485714 71.680952
51.309524 70.442857
57.404762 72.195238
62.961905 75.795238
57.723810 80.804762
51.804762 82.857143
46.757143 83.309524
41.933333 82.876190
36.261905 80.809524
33.795238 76.000000
42.147619 74.204762
46.552381 74.595238
51.409524 74.300000
60.566667 75.814286
51.476190 77.352381
46.590476 77.790476
42.123810 77.252381
