7.479002 37.737922
7.948216 48.113041
9.288285 58.349858
11.484686 68.285444
15.179665 77.542785
20.828544 85.635617
28.284812 91.684244
37.083044 95.467003
47.062835 96.181876
56.990843 95.261130
65.861699 91.312914
73.392485 85.258604
79.168930 77.192296
82.860751 67.847174
84.968109 57.753079
86.179350 47.433533
86.522892 37.021156
14.021471 28.254500
18.973161 23.871803
25.779602 22.474897
32.867698 23.257973
39.621724 25.965267
53.063467 25.675403
59.879381 22.938428
67.043890 21.931797
73.983581 23.336280
79.125987 27.592674
46.416798 34.570256
46.460373 41.433533
46.472371 48.212188
46.509631 55.060941
38.795706 60.227344
42.612567 61.557310
46.616988 62.623303
50.663088 61.485317
54.406063 60.194506
21.598358 36.184402
25.892643 33.360909
31.402589 33.385538
35.986738 36.911272
31.057152 38.101674
25.645090 38.151563
57.094411 36.693401
61.719608 33.038207
67.181560 33.012946
71.516893 35.741080
67.550995 37.770129
62.175560 37.871803
32.033470 75.141775
37.038207 71.531418
42.654878 69.775813
46.659931 70.796969
50.794443 69.688664
56.505841 71.494790
61.666561 74.943480
56.768551 80.099147
51.276287 82.351121
46.752763 82.759710
42.394695 82.433218
36.882854 80.277865
34.209031 75.209346
42.670666 73.325545
46.708557 73.632460
50.882223 73.310388
59.405747 74.961162
50.938428 77.171456
46.686454 77.689927
42.572150 77.245974
