8.823785 37.947498
9.153299 47.727919
10.171719 57.441914
12.111675 67.036403
15.846265 75.908629
21.835823 83.584917
29.253952 89.629007
37.782161 93.989558
47.492096 94.918057
57.164612 93.713416
65.638579 89.247571
73.045395 83.100218
78.938651 75.322117
82.572299 66.364322
84.310660 56.650326
85.122263 46.889920
85.304714 37.031182
15.477302 29.620885
20.126468 25.428861
26.555475 24.115446
33.262364 24.847571
39.561421 27.549529
53.183756 27.224075
59.541987 24.448441
66.344017 23.448006
72.905584 24.765192
77.794924 28.807542
46.495141 35.488905
46.558956 42.011603
46.602466 48.459753
46.676142 55.004206
38.703698 58.976360
42.627991 60.350109
46.787237 61.598260
50.952864 60.258738
54.789268 58.874257
22.944743 36.841189
27.129224 34.391298
32.074837 34.530819
36.400580 37.594779
31.785062 38.268891
26.921537 38.213198
56.784046 37.324438
61.149819 34.108484
66.064394 33.988107
70.289775 36.275562
66.417984 37.717766
61.600290 37.943437
30.076577 69.799855
36.010152 67.626976
42.389558 66.753590
46.864975 67.710515
51.521392 66.658738
58.058303 67.479333
64.201305 69.411458
58.501813 76.751269
52.103553 80.000000
47.049456 80.604496
42.157215 80.119217
35.779550 77.052937
32.177520 70.317331
42.394199 69.549239
46.910225 69.984917
51.614213 69.510660
62.044090 69.940827
51.805656 75.360986
46.972589 75.983466
42.306599 75.471501
