8.467277 38.162304
8.972077 48.085951
10.296248 57.962914
12.412304 67.593368
16.018325 76.544066
21.701571 84.282286
29.086824 90.092496
37.770942 93.989529
47.537522 94.645724
57.329843 93.737784
65.926265 89.674084
73.284031 83.764834
78.924084 75.916230
82.410122 66.855585
84.291885 57.079407
85.375654 47.153578
85.669721 37.098604
14.899215 29.665358
19.727749 25.391798
26.391361 24.176265
33.272251 25.041449
39.864311 27.739092
52.768325 27.348168
59.403578 24.589005
66.367365 23.425393
73.214660 24.592059
78.283595 28.711169
46.478621 36.000000
46.535777 42.587260
46.599913 49.074171
46.646597 55.695026
39.267016 60.864311
42.977749 62.030105
46.815881 62.925829
50.612129 61.888307
54.245637 60.734729
22.575916 37.458551
26.746946 34.878272
31.934555 34.938482
36.289703 38.122164
31.641798 39.343805
26.491274 39.370855
56.924084 37.821990
61.265707 34.465096
66.440227 34.376091
70.637871 36.797120
66.856021 38.816318
61.736475 38.944590
33.277487 74.567190
38.219023 71.782286
43.258726 70.124346
46.888743 71.157941
50.652269 70.010471
55.819372 71.608639
60.961606 74.157941
56.091623 77.962478
51.146597 79.659686
47.078534 80.033595
43.119110 79.773560
38.166230 78.254363
35.514398 74.610384
43.251309 73.781414
46.941536 74.073735
50.776178 73.702880
58.670593 74.208551
50.831152 74.478185
46.979930 74.990838
43.255236 74.569808
