7.981757 37.254485
8.383095 47.331104
9.674673 57.321982
11.842505 67.117057
15.513530 76.198845
21.241715 84.054728
28.631803 89.986014
37.245971 93.938583
46.991183 94.670112
56.805108 93.757981
65.597446 89.768927
73.225905 83.892369
79.142597 76.004865
82.886592 66.806324
84.916996 56.834904
86.071146 46.677410
86.393433 36.366677
14.512010 28.771663
19.472788 24.734570
26.147765 23.641836
33.146245 24.444512
39.712375 27.057464
52.147157 26.754029
58.948009 24.102159
66.086348 23.086652
72.997264 24.232289
78.323503 28.123442
46.029188 35.232593
46.048647 42.001824
46.031012 48.736394
46.041350 55.553664
38.620249 60.575859
42.330800 61.894193
46.252964 62.868957
50.212223 61.780480
53.893585 60.558224
22.031621 36.630587
26.288842 34.381879
31.444816 34.392216
35.862572 37.274552
31.190027 38.455458
26.100334 38.501064
56.656126 37.051383
61.141988 34.025540
66.307692 34.034053
70.660991 36.197020
66.647613 38.077227
61.546975 38.184859
32.551535 74.496808
37.486166 71.638796
42.595318 70.043782
46.349650 71.132867
50.258437 69.977501
55.627242 71.531164
60.878078 74.243235
55.880815 78.165400
50.735786 79.933718
46.522955 80.286409
42.470052 79.998176
37.427182 78.337489
34.764366 74.517483
42.627546 73.564001
46.405594 73.874734
50.359380 73.503801
58.588629 74.235330
50.411067 74.836728
46.422621 75.347522
42.587413 74.923685
