8.291837 39.229932
8.920408 49.442177
10.471429 59.545578
12.834014 69.313605
16.515646 78.406122
21.910884 86.461905
29.078912 92.667347
37.734014 96.343537
47.460544 97.112925
57.143537 96.221769
65.788435 92.398639
72.842857 86.085034
78.172109 78.004082
81.789116 68.840816
84.046259 58.933333
85.434014 48.740136
85.911565 38.433333
14.468707 28.252381
19.042857 23.314286
25.739456 21.560544
32.749660 22.242177
39.435374 25.021769
54.086395 24.712245
60.764626 21.936054
67.768707 20.994558
74.537415 22.758503
79.234694 27.534694
46.901361 34.922449
46.990476 41.355782
47.050340 47.649660
47.113605 53.996599
39.928571 60.219048
43.480952 61.334694
47.159184 62.142177
50.849660 61.254422
54.293197 60.185714
22.073469 36.792517
26.269388 33.119728
32.097959 33.221088
36.654422 37.697959
31.673469 39.279592
25.881633 39.229252
57.203401 37.513605
61.769388 32.900680
67.546259 32.786395
71.782993 36.336735
68.034694 38.863946
62.327211 39.028571
33.806122 76.807483
38.202721 72.240816
43.618367 69.876871
47.168027 70.863265
50.889116 69.835374
56.314966 72.257143
60.753741 76.759864
56.546939 82.691837
51.347619 85.308844
47.213605 85.727211
43.202041 85.315646
37.995918 82.729252
35.997959 76.838776
43.636735 73.769388
47.207483 73.908163
50.921769 73.723129
58.504082 76.738776
51.005442 79.940136
47.151020 80.423810
43.428571 79.996599
